20090405
20090412
20090419
20090426
20090503
20090510
20090517
20090524
20090531
20090607
20090614
20090621
20090628
20090705
20090712
20090719
20090726
20090802
20090809
20090816
20090823
20090830
20090906
20090913
20090920
20090927
20091004
20091011
20091018
20091025
20091101
20091108
20091115
20091122
20091129
20100404
20100411
20100418
20100425
20100502
20100509
20100516
20100523
20100530
20100606
20100613
20100620
20100627
20100704
20100711
20100718
20100725
20100801
20100808
20100815
20100822
20100829
20100905
20100912
20100919
20100926
20101003
20101010
20101017
20101024
20101031
20110403
20110410
20110417
20110424
20110501
20110508
20110515
20110522
20110529
20110605
20110612
20110619
20110626
20110703
20110710
20110717
20110724
20110731
20110807
20110814
20110821
20110828
20110904
20110911
20110918
20110925
20111002
20111009
20111016
20111023
20111030
20111106
20111113
20111120
20111127
20120401
20120408
20120415
20120422
20120429
20120506
20120513
20120520
20120527
20120603
20120610
20120617
20120624
20120701
20120708
20120715
20120722
20120729
20120805
20120812
20120819
20120826
20120902
20120909
20120916
20120923
20120930
20121007
20121014
20121021
20121028
20121104
20121111
20121118
20121125
20130331
20130407
20130414
20130421
20130428
20130505
20130512
20130519
20130526
20130602
20130609
20130616
20130623
20130630
20130707
20130714
20130721
20130728
20130804
20130825
20130901
20130908
20130915
20130922
20130929
20131020
20131027
20131103
20131110
20131117
20131124
